0
0
4.173420939
24.49864272
91.45849734
266.6020326
648.5859338
1365.955875
2552.72331
4312.585863
6684.854201
9625.112481
13007.04892
16643.08874
20315.50816
23808.77642
26936.22627
29557.24872
31584.09142
32979.78496
33750.14503
33932.91574
33586.48186
32779.83494
31584.76234
30070.51319
28300.66035
26331.66356
24212.62887
21985.79344
19687.33751
17348.26001
14995.18921
12651.07274
10335.72451
8066.238176
5857.300429
3721.434934
1669.196081
-290.6709126
-2151.08686
-3906.502548
-5552.767839
-7087.00517
-8507.4853
-9813.504953
-11005.26892
-12083.77947
-13050.7349
-13908.4389
-14659.72094
-15307.86595
-15856.54963
-16309.77672
-16671.8211
-16947.16835
-17140.46103
-17256.44804
-17299.93876
-17275.76267
-17188.73438
-17043.62374
-16845.13046
-16597.86271
-16306.31907
-15974.87319
-15607.76082
-15209.06896
-14782.72675
-14332.49805
-13861.97549
-13374.57601
-12873.53766
-12361.91769
-11842.59174
-11318.25405
-10791.41871
-10264.42162
-9739.423352
-9218.412585
-8703.21019
-8195.473804
-7696.702852
-7208.243942
-6731.296577
-6266.919114
-5816.034935
-5379.438755
-4957.803051
-4551.684547
-4161.530729
-3787.686355
-3430.399919
-3089.830057
-2766.051851
-2459.063021
-2168.789985
-1895.093754
-1637.775667
-1396.582943
-1171.214026
-961.3237476
-766.5282559
-586.4097438
-420.5209468
-268.3894193
-129.5215835
-3.406552704
110.4802727
212.6738327
303.7162569
384.1539327
454.5347866
515.4057759
567.3105831
610.7875088
646.3675568
674.5727027
695.9143414
710.8919051
719.9916441
723.685563
722.4305054
716.6673781
706.820508
693.297123
676.4869509
656.7619263
634.4760009
609.9650468
583.5468486
555.5211749
526.169924
495.7573366
464.5302689
432.7185213
400.5352145
368.1772103
335.8255691
303.6460409
271.7895839
240.3929068
209.5790301
179.4578621
150.1267873
121.6712614
94.16541149
67.67263757
42.2462129
17.92988031
0
